60
47
7 22 28 29 
6 26 28 29 
11 13 23 26 
9 14 16 21 
1 10 17 27 
11 16 27 30 
7 20 29 30 
2 7 13 26 
2 9 17 24 
1 7 10 11 
2 17 24 30 
1 6 9 26 
6 21 25 28 
2 7 8 24 
6 16 19 24 
5 8 10 15 
3 10 16 27 
1 2 18 26 
2 14 16 30 
2 7 9 30 
5 11 20 28 
15 18 23 29 
1 9 12 23 
1 6 16 26 
1 2 4 22 
1 7 13 18 
5 10 24 25 
6 15 22 28 
5 17 26 29 
1 9 13 15 
4 10 21 26 
12 26 27 28 
7 9 15 29 
14 22 26 30 
16 24 28 30 
3 8 22 25 
2 6 8 29 
3 8 23 24 
14 17 22 23 
4 22 25 29 
7 10 20 29 
8 12 16 22 
6 25 26 29 
3 8 14 29 
3 10 19 30 
1 2 15 30 
3 11 17 19 
3 4 19 23 
5 10 14 29 
17 19 28 29 
5 9 12 25 
10 13 18 21 
9 16 22 27 
2 23 26 29 
12 18 21 24 
7 8 25 28 
10 15 21 25 
12 13 16 19 
10 16 22 25 
6 18 25 29 
