50
39
1 7 24 26 
2 7 12 19 
6 16 25 29 
6 8 19 28 
5 7 20 30 
4 7 8 24 
1 6 8 21 
2 11 12 16 
12 16 19 30 
17 20 24 27 
2 3 4 29 
5 7 15 17 
6 7 19 30 
9 10 18 24 
5 7 10 17 
3 19 20 29 
1 13 18 21 
9 19 20 21 
14 15 17 26 
8 10 22 25 
2 4 12 16 
3 13 14 26 
7 21 27 28 
1 7 12 30 
10 15 17 20 
17 21 23 30 
5 9 19 30 
5 8 14 22 
1 7 24 27 
5 7 11 18 
8 16 20 23 
2 10 23 29 
4 5 12 23 
3 5 7 17 
4 13 14 24 
11 12 13 29 
5 8 16 25 
22 24 27 28 
8 19 23 25 
12 15 20 24 
5 16 21 26 
2 4 16 27 
4 8 10 18 
7 9 18 28 
9 15 26 27 
4 14 19 27 
1 2 10 17 
2 15 21 30 
8 26 27 29 
21 22 23 26 
