50
200
  4  24  17
  7  41   9
  5  10   7
 20  47  19
  4  32  16
  1  35   6
  7  28  18
 12  13  11
  6  19  17
  7  24  20
 11  48  19
  9  17  15
 11  11   9
 11  31  20
  1  23  15
 12  11   7
 13  24   9
 10  41  19
  8  49   7
 11  49  19
 19  26  19
 20  28  16
  6  29  16
  6  40  17
 17  28  20
  4  23   7
  5  41  19
 11  38  19
  7  11  20
  9  35  12
 19  13  11
  6  31   8
 19  23  11
  4  39  15
 14  45  16
 12  46  19
 11  23  12
 15  25  20
 18  49   8
 14  19  18
 17  43   9
  9  32  18
 14  18   7
 12  43  12
  2  17   5
 13  29   9
  7  42  14
  2  48  13
  7  35  13
  1  42  11
  5  13  10
  4  20  19
  7  40  12
 13  21  13
  4  17   9
 12  11  12
 18  44  14
  5  39  15
 10  48  18
 14  25   5
 17  15   6
 18  45  13
  7  27  15
 11  45   5
 20  12   9
  8  28   8
 12  14   7
  5  24  15
  1  28  11
 15  15  20
  5  30  17
  8  35  13
  7  22  15
 16  27  19
  8  38  14
 15  18   9
 18  19   8
  3  13   7
  6  42  16
 10  19  16
 11  24  12
 19  43  15
 18  26   9
  1  50  17
 13  13  18
 15  29  19
 10  16  18
 12  39  17
  6  50  18
 11  43  16
 17  32  16
 20  49   5
  4  33  18
 16  24  17
 14  49   8
  1  33   9
  1  36  17
  5  17   8
  5  10  10
  3  19  11
 14  22   6
 17  29   6
 10  18   5
  3  41  12
 15  42  18
 10  18   7
 13  27   9
 19  19   9
 20  50   6
  5  38  12
 14  10  17
  9  44  12
 12  37   8
 11  19  10
 16  33   5
 10  48  17
  2  38  13
 16  29   6
  6  46  12
  7  46  12
  4  49  11
 17  49  14
  4  14  14
 17  48  18
 10  16  12
 13  45  12
  5  44   5
 14  27  19
  2  26  14
 16  23  10
 16  31   9
  8  25  12
 13  48   7
 17  16   7
 19  42  18
 10  48  20
 16  34   5
  3  25  13
  4  41  18
  6  50  14
 12  26   5
  6  31   8
 12  24  14
 17  38   8
 17  40  18
  3  20  20
 20  32   7
 14  44  13
  9  30   7
 12  39  15
 12  13   8
 18  35   9
 15  31  18
 14  17   8
 10  44  10
  2  50  12
  8  10  20
 13  22  20
  4  15   5
  7  38   7
 16  24   5
 11  19  15
 18  45   6
 14  48  17
 13  33  19
 14  50   6
  3  26   7
 18  31   6
  7  30  15
  1  12  15
 20  16  18
  4  36  20
  5  19  11
 18  14  17
 19  30  20
 20  21  19
 18  16  12
  5  50  17
 17  44  19
 19  44  16
 12  24   7
  4  16  17
 10  10  16
 10  37  14
  7  24  15
 20  34  15
 19  10  14
 20  32  15
  2  13  12
  9  15  20
  7  37  12
  6  10  20
  5  38  15
 12  13  10
 12  36  10
 12  26  20
 16  20  17
 18  25  11
 14  12  14
  8  50  17
2 50
50 84
60 65
186 12
98 123
14 50