45
35
1 12 26 28 
3 4 5 6 
5 14 22 30 
17 18 19 21 
1 6 17 18 
9 19 20 22 
6 9 16 17 
7 15 17 24 
5 16 22 26 
18 23 26 29 
4 7 8 11 
4 5 22 24 
2 3 8 30 
2 11 13 24 
18 19 26 28 
2 10 25 29 
15 21 23 25 
2 4 18 29 
5 9 17 21 
1 5 15 24 
7 10 14 17 
4 13 22 27 
4 8 10 29 
3 8 12 17 
11 15 20 24 
4 6 17 25 
6 12 27 29 
15 18 24 29 
3 14 19 30 
10 15 22 28 
8 9 14 27 
2 9 26 30 
1 7 9 22 
2 3 11 25 
6 16 23 24 
2 18 21 28 
5 20 27 29 
9 11 15 20 
1 2 5 11 
1 4 7 12 
1 16 20 27 
8 9 25 29 
6 10 18 27 
4 5 9 24 
5 11 18 27 
