40
31
2 5 17 30 
4 6 7 16 
7 8 11 21 
3 6 11 23 
9 13 18 25 
1 13 27 28 
5 11 19 25 
14 22 25 30 
6 14 25 26 
13 16 23 28 
2 14 21 25 
8 9 15 28 
5 12 15 22 
7 11 14 23 
1 13 20 22 
2 11 15 21 
7 18 20 30 
13 17 27 29 
2 6 19 21 
7 12 29 30 
6 7 9 11 
1 16 19 26 
3 15 22 28 
12 20 21 22 
8 9 14 30 
8 9 25 28 
1 16 19 24 
4 13 18 19 
14 15 18 25 
15 16 21 22 
1 2 4 21 
8 13 18 26 
14 17 19 26 
2 3 13 27 
10 16 19 25 
4 23 24 25 
3 4 14 17 
7 22 25 30 
4 5 12 16 
8 10 12 13 
